$ANSIBLE_VAULT;1.1;AES256
36653266373361656464366139343432653039623631653135623430613337646164663436393865
3935366161643766613232313366356638333633386562390a643532643065393839663030643034
34653034393338363562343634633433303230646562353563636463656537653630343931616237
6335323139373139350a303033653137373230646233333238363765343765313631333863646563
39393964323536396435303737323332636436363637333532313238663830326165393066356465
37633231306439386565653961663261616663396331653932383363633532353637343563633632
33303065343365346637653265626337626234336331383135646236663334383062303465343462
65306461373361376533333130613930353264646438616663656639666433356561306366663636
62613434666531646336306437616233663065306561616138376463386365356338383332373131
38343836306137396539396338663331646339376338663764383338373165636564633734363038
63636633643034393036373263386536616135656532663066396163343661306532663064346261
38393535323861376433666337396631353538353563356465613833383365623637616439363935
31376162323065643431333662643330363564643333383962393861663837383039333035653433
63623934383762353332653038653538393035383064346362623261386261613932306532366363
36326661643337636139633961346534333433346236636362366331313936633338363064636564
32316236373961316262373937643362613264656238343437343761376663336466353439623666
31306537653231326235633231663566373038323236393735623732363565336433383765396265
65303463656562316530313337333438336232643562623461613030363932313934323164643236
61383537643363316237303961666134373239393637643361636233396432333061616364396533
38656239386263666139316137396364656330643130333333383765656166656438313064353863
63343263323365653331653935323762663766363832326339346435653062333830343362663162
33366161356561383764613633326462666166633064653165353135343164373365333433306630
62623432386133386237646263366233653732313139356538626236383939323862613366323461
37306530613963623063303464616433636133663161666139643831323031663337316639616337
38613564656334623038393464373261616532643339306466313139306665356437346332613830
63393035326539386138306639653637363230313865333238383238326537363061323231646332
30386539323030353434666462303561363362353531643537303435303939363036643466373165
37373863333864343863336233353737386561636433303663313239663639303639663539373733
61663231343035356335663965393132646437303433396335636438636633653663306237396461
32396133633339306133346363356338396539366162336338653432643731346434643261336539
34326664333037333739323763313763646533636439613466386635313530643334343639356364
30383261383161303235356331636363663065393534346262346234306362623836353830373837
66666465663130353864656234623865653734363337393531626335623762316630616133616138
64656162393466623863653263353533316365373634626232643333356139356364616130613666
62623631336362353263623562666235633963356430376237316439333239656638363838616431
32613231303664636264653038343765636236326232366665613338356630626634366465663161
39303834346630356566323633316164326438653434383332326232326265623339616534363636
61313138616131633438313433386339656435356538336364656364396464313963313732346662
39653335396162313330393463663363336630323063323734383732636264373966326433643434
35613764393136306435663735626239323837343431623030333335373861336365386466633036
39663533653565336431363535313762373530356366393962633363313430626537343730383664
63343461386330393630343736313631663238363063366630333662353936623036313430303566
32353130383165363566303832643231613764383162363364396331336538626265663633363632
62343733333038653564393565323762383861656636346635366663363135333337643963316534
32323161353534313563613631613132656238363166343263363364646338393032336131323962
63633665326532343336363831306166363035363437313736363833633762376134326131666265
66653031653765393833316463333262343663303230353539636563393339663434333733353663
61356232623738613866363135313730663536373437363935326135323330646165396331353965
65626532326361656666386161393130326561383337336363613135356264343531653064323930
62376564653738343038633762666463646165626361653764313762356237333162376132646262
62393939393336336637356463373565343133646432356235613662623036333066343338313339
39666164613163613233396538666634646265653764376335363036353533386635663232396365
35303736313462393231653262363939336263656365643966623763363537323030633033653032
38306135386238326661653164383335323234633961383061623631396463353665376631333836
35333139363331303339363065393136316336396131623531326233616166643539386166346665
61313734663264633133383537663039373635336138613063343566393938393161396137633637
62383164343237646536653339663361396235326562386336316639623938636461313734303834
37333563386231316630376538316339653539383938663631363732356161346561386234663861
35353863313731306436373762366539383035343830633831393738666630633138303031346539
31383862346332343130633961346434306134656530363439333961646634383466346634343134
37353238646434376434663532396232393565383330653266393864386536363465633135343563
33373565333037303932333461633632313230636437643765306563346364343134646564613665
33303062363230313235656561633934353130376664326436396263316430656661653233643432
37663738373136356135383935656239303338316566376463616638323439303762623639383533
65313430323365393031626561663639313339373766346533373038376232326363616465636537
33343632313863363731623862303366323637616330356531656438346163363662313736663035
30653837336538646632373263373731623536376662306466383766353366663033333434313062
32363962663832353862613638363264393763623966363438613939663933633230663735613961
36363835613336313631363734303766623365613036363831366130633534343639613931363964
63346162626562653430303864343762313632306461383632646135643933346430353132636262
62633933666632303164336532616136663432363036343337353236356334353461633135323535
63303264336138316431636435323063333961386532613034353866663262393565316130393063
39376637393939343061333262333230353934363266373435653963393563663339323061323230
64333162643831393661616434336332373034353230303439363338653135656164323031663137
66653736626262343062363231376434346163376233373561623632306334386134656233383730
37663530303764316264333639663963346536303030353236333264366335383237653865353236
64653162396136646539663533633766343965393639633936616439646365656633626166313765
37643131336435363663656135663939663261326233343565353164663035383663326561353037
30636436383937623666633363343930633133653834316633333464383566353332346666646230
34393961353633633635383731666137353464396366396533323634323035393539623330353665
39653163336539366661646638386230353265346562363730653930633437323935363433643232
39663636663764653135333562663966386238316164336230353638663462343866626437393837
38653332303538653030636431353834363331663138346166383266323431326361383661393031
30336332636433316466336532613065616464633365663866373761333838623263336462636333
63343634303039303035616239336638356161326463303335353039306435313133333537366639
61333633613066326431643563653462343461343565306337386665356434353361343034356534
64303133626530326666363635616266396435363638636231316533656330366162376339363639
32383139646134376435326662613431623034636337396334656238663165323863613033616365
63343263343633373564336465326338653132613938666236626535383233353936393630653933
35653235373563663732363534336532303563326437393763333638383739656634646136616632
64336132646262643333636563316535373032616563646331316361393934623034353131366630
64306364663532393239316632626436626265356662393331646665613032663834316536323366
37343639623362636165333764323737333831636463633638373637633961623166306364616439
39636536613433613535356230303461636439346135633562393762356632643634336439643233
62396562346166393730343531616435393533356633636431663333303266373862323730353036
39383637666532353039643066326231633664663364616435353336393362343538373036313566
30386364626466326663343130653435386433363064323536323331333166323365653031393532
38653666626338363030633835343861313331623332356434373435643336313438666662316239
64666634336462663538303232623230346332646539326135613638626538303565373565643038
36656434623737336439353263353333663235653764653439346633376636333035363338373239
36663138353566353431393131336266626339626135383633323332313065613634653636393962
63323236613834316262643632616531333031333037356533373335386532643966303166386563
62616263323963326633623337613762643434643732383837626634386535323265386234303339
39333462666665326237643630363664306231303962333466383135393335623363376635663338
33613539373761316233333732633966393536643039653432653439633561663931613163376362
30623439336564646461306236363035353863353036326364636339323834376662613633313230
35303363383237353133383431393261313631393365373166623630303765626463393138336235
33616339363962386665373839363239333739633338636432356434383630363237316130633833
63373337613238383866623934336633646434643566303662306263396163303934653761333138
32623034376238373031643166336437303831623937376364633133326434623732343031313434
36313434323565323733393936643030663266336262323736633362663330303564366439623166
62616330653935306465613161616330373332323030653761316362393234343066623262343034
30373665326439623837313938656339393031656437666533353063373661363565363535373934
64396333396636623733386265366630333734626334353464373734633630663862636263386262
33646362353039646131376566346266333263313564623237343235316430333736316639633539
35366461303137623935323532626334393234353965656363323733396630653563303031316162
39623730626661326463653030376166353166303533336539613764633232613561363461383439
65333339623766303435323339343863363230666664373865623462663536393034303238656264
35356161333234323864333963363534343262323436633938653936373064333862316261646661
33353166663261363134663431623037366532643430396537333930653263343436336138353932
38663633363565663836626432666265656165646561626335313030616261626466646663663564
34323638376633613831333438646432656534303861643438303836646335626438376436663063
38326633663533663365653361613830353639656635346336613964376263623162396665326131
31336235386334323364626461656537316263323839313365393532633761666633633963383330
62656536646561656537656661643062626561613938383766323938613735366165326462333365
38363832633138633464623436306533346664633363353833386333333532623061313965656665
36336261393462343965656138663036303235323962323866396565356437336566626433633539
61303232656462313262663961323531666533393131386437656464656337643637376132396338
30646234633630313561616165626437663231326564353264393135643564656365313632383861
37393562363763343864306637613636623461353139646661393938353739383233326565636335
31346334343164343230343631653935383335376338646637643436383938306432353462316538
62343739353663663439656237356636623433623865323366333937616163653561663938613664
62666466383464393739393262313437303830646365666131663266393435313538303663623364
33303831363839636237316639323934626565343135373863643530353933636137373336366166
61333263663030386534636131323235663263656366643936333666663266373435366663366361
33623238626139343532386262386166383561366365633435656433616661306463383438326130
66383630386538393435363933333162373839313663356136386238343534326663393865656235
39316336666633626138323464623833393163356433356363613130303764323566616133353933
64316638316133616564343931303732663532636135623033373233316538363333386232646230
34666361343537366364376632663761643631653665616431623438613835653565313131616332
39376335306631363563316436336432656462626231313166393565353134346136303436386131
33626631353533323534643662323232636265616635643261343336663164363131663437633533
33646161303932386336616639316635313530383730383938353663666134323666643233653233
65663463633961343262653930383961313433636665356561363630303066363835643236333739
61313338366166343930373465323030616235633935616539323166383563333532613466396437
65326661393464373031393036326132653834313233313566663961663934303866373030396335
33316465666235383830363966303932653436303266626238306234633937323034663866633266
61613337633364366263663432636635666238653066623866306265366231303866623662663732
36643930343432393233643461323239363335363537383630643239333539396131383338623863
34343462316337386137303539356637393339306139383464353264323033633833333538666463
33306233383933613238363131333664333565313835336634633638323034353761643661303333
65646233363966366364383136623232363434326666653462326438336162346230393530633134
38356462313935353966353035373436613038336166303165383161613736366232373463366663
64323735376363353961636566396336303938373536346638356630643238373265383132363731
30613165383635333762303537316535333835313338363333353839343537376564313363366164
39646166323063343630343631613535343135366363336336336466643363343030373236376266
38306533383663333961636663653639303866393261666137626337653033356361376363376565
31626337616137396335323932333635616232666431373230363562343664313965386230393039
66393261303532366162633163323930636531653764393863646139646437323433393466316135
33366338636464643937313639313763366466363336343462366239343330646162613832303732
62383531656530363937633234353964343039626638326638653435333564386630373837323634
35643230366236396363643434633437396261346165316337373636336239316430316637663132
34663938343162316165323036366539666238396365336138303663613566353563346166663433
32346234623930373061656362636462333033626338663861633737336336366332363035313466
32333433333936643332303735323062383463313531646230326666643166666336613136336162
63353562343361396636633838663732633437366666386634323066316164623564663434323137
30356265356634396162383431303566303635653131646539376434613263393733373335613530
64643563343666353765386162303637383539336632633532386464363034303134353936613830
36313636613361383565366338663963653630323737366237663131646364613764303361656663
39636235633461663864383934306238343538383637366137663831623063383130393837626431
33646332356436613537613035306166373738326238633461646139363664393537356138316466
32336366326166623830333033376330653239646466623138343766643066386133616365303733
30666130313731646530343266336333626333333836623266303439363363323466366339633337
65346662393763663233643836396337653637366663313135623661636361633165396230373932
36333731623864383034643834643263616161343434316231396630333265303530303930346433
36663261353139363038643335376264393636626464303835653763623736616263336234313739
33303632363965333235383733383136323164373365326166326333633962313530316164356630
61346663333238623062393066626364326561326365386166396633613936336164663063316662
32383732643137303939353335336337643038653534346461643630643037646532383038626239
35396233366635326166666162343464663466646530343465343564393631636330663065656331
65653436383138666535623532383739633236353366653031333936333463333735656634663638
31323834623864643466646563303661336237373432396438366533613639333863653361646130
62353461303965323663333464353635653465666664633362303666393638353734353461303630
61333038316631616134366332313835393431616633656637396336643761653039623764666233
37353266333663383565346239363634373061376131386433626363313262303861333337353139
35333038613064356333336333306237326464613431653261313437363565623435336430653963
32396536623063356532363430613162373764623431616637303131326437623863316231383631
38343735396634656337626566343736333161383334613232643232643064343663643835613937
39383335313537613038353065306339306132613034643136333963376636366363393536306164
38333034393533396464353238383866333138343038353362363931393139663532633738333835
63303837353566616465666636356535656432636163363136303630666432656236373762323430
65653236326438623365396335623838656361643064313938333833313836663533323034373336
39666239633234393162646433333531313233613461643463356266643964643733346262633463
39636662353063363866353266396531366133333063383164323365363361316336646339306666
63363837623731383230616364323530636439343063633435383030323064626533336135623837
36636236626333366536383731666333636238653861633362303634383933396633336334656363
66653735313030383465623038633066356566313830616333653435303030653737363637313537
30333739643065663261333564313965373264646562373530396139626336333339356335643162
31633562633438663332303130666137366264393734623939353330666334333462613134643936
32666439653638316466613539313830313363356461613432363935336235383739616333346165
38613839626162326431333439666333383165623432353336396437396562373665336434396337
63356163383133326664386639393839643635356230336634356665323039353835623536623362
33653262636135303533613233663135613738353930316265376366363338653330383531623834
66373637316435393663336662643662623536396465616232613061643836323464646639343431
65326161333865346636663035323438383832356337386538633537616466386636306664613966
36323939633633646331386266633036376639336166376166343635366237336539386533636264
30623664626133383035323533636634363736613236626533326463383261346566393134303664
66326665336533633566353534363538313464333837663264393631633138666434383334383234
62393039346364633632656137663835373231656431306263336463313732393639643731366661
31623731666666333761346362353435646232373239653339353962333233306436353737636331
61373334316337633433623062336535626537653064393935653263343661313238306538353433
63643432663365326265633930626661356530323130396532363430663834633931613164343061
33343630363234643263393665653532393837396263613438373462306133326562636362636231
64323263613139363837623231326465356365623463613637316537646530353034393066383731
34343164646563376538356663653966383237363636643139633535663239303762356166633662
62616637326631306539306636386637383038353465656563383837323935386139363732616436
30316362373964323530366561383131653238383766613165353438616536646230343561663531
61353363346230366637613932643338376632343865333136636131383135653939623732343936
37366663366336373563353365323938623633666335623464393436353165343266633764383231
62316633373431303865623532333166376663643531653239356263663666353463356335623566
35376466623464383534653036396139386630303138383839316163313935613362353834353832
35303363393564383362366334326533643834303237396238383830373562313361306261633633
33633363373232386266353562656464353036303136616136353165393566633366306438386434
39386663323237393336393137366364643362343931363633663933633863393963393764303964
30346633316337356637333966666334333837376362353166616562396163656533646463653233
35623036333138646538386535343830303732663865353666323839306665643565323331373566
66633162306563663133653337636562616532326339343437316530303633633161353565633735
38393431306161393334653437653832323139343264393037323333313737636264313765333962
30396565343436363933623638346633613063373035376262333062323565353937366533623963
35626161363433656230393865303630656638326339356139376639616336383166316664306566
38623031383330643062333239656266663833386566613836396362333835663338636631613337
34326438623839386463363362616662333665306231666537396164333834373531333964613730
38656233663239363933376433626632653932373137326337353733616532613565636361353932
66656364323063646163353063623839313365626539613464363633333136383334303366626636
61393936356463316566653233333761626530633165616437383663656136313437636439653535
35333338383234653066613337303837643762316132336462336462313635363064393865393566
61633361366138356333313139643336363430343961393737333734666435313838306663363137
61346133616465393163393937303030306262393266656363633261363238353766383162616435
36316531333037643633636163383639346537353830383965613831613234383131333631393234
38323864333637363166616533323839363136656530386665653262353133343732303062346664
36633264313134326339353565306533303130373561623031633835383937353964356535343034
63333831656539323966356465633036363665643434316335366430663761623431356666306639
36366165363536396162333333666663653335623562306332323832666233343563356330393765
34636266653064306539396662303135613231656662353738663739663865343232383332666433
36643831653562353939363832393634646366346334336239636563326335653165393637383764
63323463353266393635383464366630633433653536643734316430653765326437313138653934
66653462353632613538333763373030616166616463363764326632363537386461616666316566
32353261363036383830313938323534633333326664663235356166386661313266323630653264
36336234643535316539333962653432346663616366613031656237363236353065326165303466
63376566643664363339396533373036613364646463613234613663353761306466393235356662
63656261643438313437336531366261393833363134613839353935636661306534303632316431
65633261623466636233613235313065396535646461303339613030646134623361366339336239
32653163313432303632636533633163333762376335383536383830353636613266353730616462
32656161393864303362663930326235636666623334303530663131663163343931373464643935
62386162376266613239646662353733393634383164396131383564646361343161363138666164
62643064316333613965653663306664343532373737623361373766316361383664303039393562
63373836336531343166333965336263343737313134663637646561373766356262653834343237
65626634363163346162653434333262623135383662623461343437633462306539393239633763
39663862613036656431623662616335633361306336373336653530656437353731613438346131
36623437646663396237303234306438333036386532353766666632383138333539373739613534
32643936363864306364656131356161346333626135373937666562656433656636636536363538
36306435653231343830326162386431353337373636306564356464666234363135373237666261
34303638396139313435383635663535616633373333666163656563306338313838323130333730
35346237643965316661386263333735633063353833666564663961383361343566663464383835
35663164386662303536333463623964633065316137363037303437326230666562663439653833
35373364616262626166616563303836356137643635353564616562303761303530383830313430
63303037393236373132333031613766306534313763313762346166626331616337636665346232
66383061323732623634313366623136333632626564306438383064336462636632613934366335
63623135356436616639643539316638333865356530643831643734333362623734316262643533
34366236396332623062383438333139343934656234313331616635356232626137623233353234
33346363363530346539323737653865303330353565366431633438616361363938636366396335
65643262306530366165303830306230656165633936626134396363636537626166356134376136
30386332396365616233653135346631623561346332306364306533306662376262663965613333
38393730373666363038373165386461626637383363303436373331316363643362616265343766
30353230313464656331633066383437306164373238646663323065613731613863323664656464
30326133333461366330343736393237326262653431373134323231356263383563353939303161
64616532616639343437366661633931633237656463616465313433356334313164666362643538
61613137363136366236326365613863633231343561613535653030616531663534376363373035
65313934303861643031653836646235333334633038363430356436613434663061303036643064
62643861343334363162333433613137373138333433616137346332346237396434353435366537
34636165653332306132616635393363623333306230336161383437336266363839343434396466
32636533363233346438363135643666353532363361646462323330313636636562623230373830
36303765613234383636353337643163643639323737303962396234303138666639643731643963
30323237343239323166303162333366376332623537323135663034336331666462343435653738
37643933616265373364343837323561636262356537653161373730646364656665353663656361
62643839333930613730623937386633373935393538396439653339643631643831336138366131
38346434643363366266646163353135326236396464303136623737316664663631343438616132
33386261646164383964653038666466386364336239656637316138313737613631376235626434
37663662393330396537653037663536356365643062663932643163313330646361393330623333
62643564616439643030656238356266303232613131343636376533346662333563643237326166
34663630666164343539306336626634636430313461376466663833386634613138396634376135
63636239326536333330353563666663326462323439356631393738656564623866356335383337
61373966363564333835623432326634303338616230636564646631643963316130613965663964
37316132363933353433663737636530633834663166643836616630393234666438343764336664
35626561366562633939366432363530366531316665613237363631326664616366353131643565
65346230356234626437346137333735313361633733643636643365623037366132363638393132
30663232356261306232663232343665623566373831303566393438666262303639353662323331
65633338666166643337383532623165326335303132356432373831356338363465633563353064
62323361643232303635303331633430663763653662396634636534646235343664376433306637
30636438333536316464386233626533363366386263656462653561303935343034386632353730
62346361396331653461666337393165656535663564383534306363343539656162613738646633
65366662613930643630616130363164616133356137336336326337646465383431643166356563
37616364353966643931623932666536666632303837663334323561303933616566333434623462
31303035663333333135323833313266633464666662636536373162353032643833356563333364
36646337336136663763376432346466666637336565323034386265343137353438366161383734
63653034386531303136326538623035306238376331633531303934393132313130663136373334
37383462326362643863393135376536333030303831363766313362346438303566666161343661
35366362313137633437363864356431643931613234616230333165383331326462343536343763
61386338393439396334356266363962646337306136336236353339303933343739613339613830
31633436306535353334376461613964666263383832336631343165626439613432393365303462
39616464303165323464353166363066343431653264373566386638396266666436353536616638
66303365643637346430306139336433333738346435626630646138656230343466396331613234
65616539666131323938316339643264636433636639393935303434633531343033306239363134
39313061386239323033316638353064633035623762626137303037373532313932376663306537
35323463626665343661343630376663323439336133643930643432343032336337313262386463
39366538303035373264663262633965383964636363366162643862316434613430343064353062
63313739363266396633343466373537326163336531316663343233353962363237376261313930
64316538313833613730646631626630323063313837623931653164383035326166396534313438
38346263356139346530613362616536396163303738646135626536386537366538346136303766
66313739346465633730366439616561666233343833396335643537343434393037653966643030
61363432636635323866643037303038373831633462343162336266633636373232303534656261
65626561323336396430646465633162316138333634613639613535383535626635363130646165
62333931396138373264313262333462663064363436346664616439323535353931636537663361
37326230343834313932666337373436366161383931316262623837383737346539653762386638
65376162326133376336623638393636366339653831653330313735343065363333623334353836
33643434393734306232363138626133653063633266363964333631303963646638336563336231
61666537323431386162623933663265316665626533613932366565633566343138366436623662
61646465303364636261663735653733643166376263333664336262663939636539356463653866
32326462313266376538303031626334376139386635343331336564613236313237303966386464
32396438623330643962613436646133653632643532666262633666363031326534643563666535
33373965313636623033343664663064303733316365376330653134366566376434303861353232
36333231623233666631373834356639643966663834376432363336303638326135376364363133
31366163306365643231643134303737643334623261653836336362373233303164663463616663
31383934666237303736333266613861656139363266623430643863366162396664356331323030
63323864396466666461363437396165376639393565386364326234326135376233636437303331
34383662336665623162653064663431393337616233356562633030373835376636303731313832
37633165313637626432663365393533613334633439393638386361313033666530396234336462
32386235393562336132313461303332326565373939353934636265656262356637343661336563
36346664616331376136316165643935393262353565373462326138363139373137613031343730
39303530383833343965306138396466626162363433393738653862393264613434383935333737
39643766326530323866303437626531663539616561383037346331373839326330316665613630
37666166393031623163393261663063353235373764646433336236336264333538633339653435
65396338353666373738366138383537316330373164666135373837363730653636343730383032
35313834313234633037633632336430636431323866333766646431613439386338656437616663
37616231333934383935333833666439343631333361326664633062613731616436613061373666
36383034353539383538326439636230363330333362323931353939393236613630393565653963
30343962626461343931383030313063326464356262386661666563633765366137373465663961
66643464353862656130366264386535356663343163306563663365623139656131643830663732
63353630303565336539626664646433623835633732633832313739646530373837396163376139
39346439646630363332346134643035666362323736363131636564323836633636346265636665
35626464313665363838373463333436663735353234373439386534353664396237643830633665
62666130366332626262623961393538336164333830363364623964623965333835396661376533
65373535623265373033613961366165376139333932313132386465316335326664623534626566
36333437306131363365616638316639373264336335336532316361326134303862613365383365
37323632643566343836396532386434333130356136653563613032373132666465376464376663
66613538306162396633663066653736313465653866306264653034616237383864306638353563
37333661353530616639643838386636666232623565336563343238366231346134346439346332
37343065636265376130656461363461346635383663303066613236623232613566303835346664
31646131616432386161626461343138633661373465326363313265623338376133323135343435
31613964373166356166356365303436333138313766373136653833313730666261383433303237
31343733646635336335353364323734623931343966656533383361383064343030343337376633
66383737316530393738353635343831366234356363663562323566366166613339666264653361
35663930306265663762323931613534343031356266366539343666343932643964626233663364
35333562313763326235636161663838383935626562653837653435306137643966616366653964
38333561656432643363663332383137656137343863373032616535663062333539386465393638
31303434613635613637333962313863306233336230346435653031656337356530363535346531
63623432623137373831366537363465646362373530306466373333326336323031333161636164
38623334623137623035346439383066613761323634613334633034633136383539663639323831
62623833373761333661393161633866346466383161303466343138616237613763356662313830
36623933363434373364366436626663393861383761646536613364303838656163613661376535
62396635376335656239646632376432653632653230613664396330386265373463616131626232
32383631663461333064393562646466613238666362396530393635653634303066646438633032
33666564373462303964633831616462623666386236373631346435363663646132346439313765
38623937646263623931343733633666613039333035363033303162356634633265653239616565
66636234623065303938383563396261656266663261363034623538386162393235386661636663
39373464366234376134393530643935656665353438376334346564396565626264336339343932
32623937353339373665373136303961373538346335326663386138313164656364333333313730
33316434383063366133346630383238383939353734653534383336666238623166373661613638
63356337353833656634633831383432623830643534666335353232333937653332326665356265
37633262623430366664643632313466333666386339623930303636386662646165316434653064
33636437366166353135353761366435643437363264303963383534343032613030326632333461
62386334633935353339343338666133386164326231306535623263633565353630653133366364
30303938623463646661346334326131653363633363346631343961366537393262663833383066
61363866616431316139323137383639396538616237356437373665373531633466383932323530
66396534313234613463666438663839643637656164376435333638306330666262313737326166
64623839343537623762636531383162363432636636663434303064323436643465626165386636
38373839386133333362396538313837306266363838303531373563643232346261326537633635
34303639366665356638353766356362623036323034326539326165356164356538366361353234
62656461316437336336346633643630313561363438396637356133623930363339316530336530
64643032303735643966643835636164656164393838306630643162333362656536383834353066
66303737383734373466386638643735653239336538393061663465656561326565313666393330
37333131363166376437653338366133643566393765636239316262656334363836396635623430
38336632346464303334393261313435626465363733346638396266336332343532373030336131
39616362343866613164633336663430313333333835343437376131386637323765396232346162
32383365623932616130373831656463343765336438386231623434343731646439616330316262
63396135633733623933373530363362323032326638363965643235353330623538353430613632
66643134623161343161656665646264663838366362643338623661613036353036326432386533
65613532356563393665303033356231643765343462656261623561353130653335643938643135
63303734633437666536623034336539376365313232623036353564303832313461306165663861
65636563666639306137306630373735373135333066643065363937613630643761353438373633
32393535646265336136303835313063656434303333653563303634353636396661613834303863
6230346534373162326533376634393635313132646531376664
